D Time (seconds)	Pitot Pressure (PSIG)	Plenum Pressure (PSIG)	Tank Pressure (PSIG)    Static Pressure Probe (PSIG)
0.000	-0.088	-0.059	114.576	0.017
0.031	-0.252	-0.047	115.802	-0.030
0.065	-0.218	-0.055	115.165	0.004
0.099	-0.201	0.013	113.645	0.000
0.129	-0.117	-0.017	113.951	-0.008
0.159	-0.109	-0.064	114.123	0.034
0.188	-0.222	-0.089	115.826	0.013
0.218	-0.088	-0.076	114.527	0.042
0.248	-0.138	-0.102	115.802	0.004
0.277	-0.109	-0.076	114.196	0.038
0.308	-0.206	0.025	113.927	-0.008
0.338	-0.185	-0.025	115.201	-0.042
0.367	-0.218	-0.051	115.287	-0.004
0.397	-0.151	-0.004	113.449	0.017
0.427	-0.231	-0.004	114.821	-0.038
0.456	-0.218	-0.008	114.723	-0.025
0.486	-0.075	-0.059	114.588	0.021
0.516	-0.134	0.009	113.596	0.004
0.546	-0.214	-0.047	115.054	0.004
0.576	-0.143	-0.106	115.937	0.000
0.606	-0.122	-0.110	115.851	0.009
0.635	-0.189	0.004	114.209	-0.017
0.665	-0.231	-0.008	114.699	-0.021
0.695	-0.180	-0.085	115.385	0.030
0.725	-0.155	0.017	113.449	0.009
0.755	-0.126	-0.038	114.221	-0.004
0.784	-0.206	-0.034	115.017	0.021
0.814	-0.138	-0.030	113.804	0.025
0.844	-0.268	-0.013	115.324	-0.034
0.874	-0.101	-0.038	114.111	-0.004
0.903	-0.159	-0.085	115.066	0.034
0.933	-0.113	-0.030	113.424	0.059
0.962	-0.096	-0.085	114.503	0.034
0.992	-0.235	-0.021	115.312	-0.025
1.022	-0.105	-0.038	113.559	0.038
1.051	-0.268	-0.004	114.883	-0.004
1.081	-0.206	-0.021	115.030	-0.025
1.110	-0.193	0.025	113.682	0.004
1.140	-0.172	-0.098	115.410	0.021
1.170	-0.201	-0.004	114.650	-0.021
1.200	-0.109	-0.047	113.914	0.059
1.230	-0.075	-0.098	114.821	0.013
1.262	-0.117	-0.072	114.429	0.034
1.294	-0.113	-0.064	114.135	0.034
1.324	-0.222	-0.038	115.630	-0.038
1.354	-0.101	-0.042	113.951	0.038
1.383	-0.113	-0.102	115.275	0.013
1.412	-0.117	-0.038	114.086	0.025
1.442	-0.143	-0.017	113.914	-0.013
1.472	-0.143	-0.085	115.299	0.009
1.502	-0.193	-0.081	115.839	-0.008
1.535	-0.222	-0.051	115.949	-0.038
1.568	-0.172	0.034	113.069	0.017
1.598	-0.206	-0.055	114.834	0.034
1.628	-0.193	-0.013	114.245	-0.034
1.658	-0.247	-0.021	115.361	-0.017
1.688	-0.130	-0.102	115.336	0.025
1.719	-0.185	-0.089	116.108	-0.021
1.752	-0.159	-0.076	115.066	0.042
1.785	-0.176	0.017	113.559	-0.004
1.815	-0.122	-0.025	113.449	0.021
1.845	-0.151	-0.021	114.270	-0.017
1.874	-0.206	0.013	114.196	-0.042
1.904	-0.084	-0.030	113.878	0.038
1.934	-0.189	0.013	113.216	0.013
1.963	-0.243	-0.030	114.981	-0.004
1.992	-0.214	-0.042	115.422	-0.042
2.022	-0.109	-0.059	113.939	0.042
2.052	-0.134	-0.081	115.189	0.038
2.080	-0.134	-0.030	113.559	0.055
2.112	-0.101	-0.038	114.025	0.004
2.146	-0.138	-0.081	114.846	0.042
2.180	-0.138	-0.030	113.645	0.042
2.221	-0.138	-0.013	114.209	-0.030
2.255	-0.130	-0.013	113.571	0.034
2.288	-0.134	-0.025	113.620	0.047
2.325	-0.172	-0.008	113.878	-0.004
2.359	-0.218	-0.017	115.054	-0.034
2.393	-0.080	-0.076	114.282	0.051
2.427	-0.130	-0.072	115.128	0.030
2.460	-0.206	0.000	114.258	-0.025
2.492	-0.117	-0.021	114.307	-0.008
2.523	-0.168	-0.008	114.466	-0.021
2.554	-0.210	0.034	113.326	0.013
2.584	-0.218	-0.004	114.356	-0.013
2.615	-0.206	-0.008	114.821	-0.030
2.645	-0.122	-0.008	113.326	0.009
2.675	-0.101	-0.030	113.461	0.030
2.704	-0.109	-0.021	113.914	0.025
2.734	-0.088	-0.047	114.037	0.025
2.764	-0.084	-0.081	114.527	0.038
2.794	-0.101	-0.059	114.478	0.009
2.824	-0.206	-0.064	115.336	0.004
2.854	-0.096	-0.047	113.963	0.009
2.883	-0.206	-0.008	114.699	-0.055
2.912	-0.151	-0.047	114.515	0.025
2.942	-0.138	-0.068	115.091	0.009
2.972	-0.096	-0.051	113.743	0.034
3.002	-0.122	-0.064	114.760	0.017
3.035	-0.285	-0.008	115.201	-0.030
3.066	-0.235	0.004	114.932	-0.064
3.098	-0.197	-0.064	115.593	0.000
3.127	-0.197	-0.051	115.606	-0.030
3.157	-0.189	-0.025	115.361	-0.047
3.197	-0.151	-0.004	114.147	-0.004
3.230	-0.138	-0.098	115.312	0.034
3.261	-0.193	-0.055	115.287	0.004
3.292	-0.235	-0.008	114.883	-0.030
3.323	-0.235	0.000	114.748	-0.042
3.355	-0.117	-0.030	113.706	0.017
3.385	-0.109	-0.085	115.042	0.017
3.416	-0.218	-0.038	115.410	-0.017
3.447	-0.214	-0.030	115.606	-0.025
3.478	-0.168	0.004	114.098	0.004
3.509	-0.113	-0.030	113.731	0.030
3.546	-0.105	-0.021	113.755	0.021
3.576	-0.164	0.013	113.841	-0.030
3.608	-0.105	-0.034	113.976	0.009
3.638	-0.143	-0.064	114.515	0.038
3.668	-0.113	-0.072	114.245	0.038
3.699	-0.210	-0.030	115.422	-0.025
3.730	-0.193	0.009	114.037	-0.017
3.760	-0.243	-0.008	115.312	-0.017
3.791	-0.172	-0.017	114.662	-0.051
3.823	-0.147	-0.017	114.478	-0.030
3.853	-0.092	-0.038	114.172	0.004
3.884	-0.185	-0.068	115.973	-0.034
3.915	-0.143	-0.068	114.968	0.025
3.945	-0.180	-0.064	115.189	0.009
3.975	-0.138	-0.025	113.608	0.025
4.006	-0.201	-0.072	115.140	0.025
4.036	-0.130	-0.085	114.503	0.042
4.066	-0.239	-0.047	115.177	0.009
4.097	-0.218	-0.004	114.650	-0.038
4.127	-0.092	-0.059	114.282	0.021
4.158	-0.180	-0.106	116.059	-0.013
4.188	-0.243	-0.038	115.618	-0.047
4.219	-0.130	-0.064	114.025	0.047
4.249	-0.134	-0.064	114.699	0.025
4.280	-0.197	0.013	114.368	-0.064
4.471	-0.193	-0.076	115.422	0.013
4.506	-0.214	0.017	114.049	-0.025
4.540	-0.197	0.004	114.503	-0.030
4.574	-0.218	-0.030	115.177	-0.025
4.608	-0.277	-0.017	115.042	0.004
4.642	-0.189	-0.013	114.919	-0.025
4.676	-0.164	-0.051	115.189	0.021
4.710	-0.168	-0.085	115.275	0.017
4.745	-0.168	-0.004	113.755	0.004
4.780	-0.243	0.009	114.687	-0.025
4.814	-0.193	-0.013	114.625	-0.017
4.848	-0.126	-0.106	115.397	0.017
4.883	-0.206	-0.051	114.993	0.009
4.917	-0.143	-0.004	113.792	0.009
4.952	-0.151	-0.013	113.841	-0.004
4.984	-0.256	-0.030	115.397	-0.008
5.015	-0.151	-0.081	114.981	0.034
5.045	-0.201	-0.055	115.189	0.013
5.076	-0.176	0.004	114.062	-0.025
5.106	-0.218	0.017	114.245	-0.017
5.137	-0.105	-0.030	113.939	0.013
5.167	-0.155	-0.008	113.963	-0.004
5.198	-0.226	-0.051	115.189	0.009
5.229	-0.172	-0.072	115.422	0.009
5.259	-0.151	-0.081	115.017	0.025
5.290	-0.222	0.013	114.307	-0.025
5.320	-0.260	0.000	114.956	-0.030
5.350	-0.185	-0.004	114.748	-0.030
5.381	-0.122	-0.021	113.620	0.021
5.412	-0.201	-0.055	115.753	-0.021
5.442	-0.134	-0.085	115.299	0.021
5.472	-0.138	-0.013	114.086	-0.021
5.502	-0.210	0.009	114.074	-0.021
5.533	-0.126	-0.093	115.140	0.034
5.564	-0.176	0.013	113.988	0.004
5.594	-0.218	-0.051	115.520	-0.021
5.624	-0.092	-0.064	114.834	0.025
5.660	-0.117	-0.030	113.878	0.038
5.691	-0.185	0.004	114.282	-0.025
5.722	-0.185	0.013	113.927	-0.017
5.753	-0.218	-0.008	115.312	-0.034
5.785	-0.155	-0.076	115.802	0.004
5.815	-0.159	-0.098	115.557	0.009
5.846	-0.096	-0.081	114.772	0.021
5.876	-0.130	-0.093	115.115	0.025
5.907	-0.180	0.004	114.478	-0.030
5.938	-0.231	0.013	114.478	-0.047
5.968	-0.243	-0.030	115.336	-0.055
6.004	-0.151	0.004	114.282	-0.021
6.035	-0.101	-0.038	113.718	0.021
6.066	-0.143	-0.072	114.932	0.021
6.097	-0.172	-0.064	115.042	0.025
6.128	-0.101	-0.085	115.238	0.021
6.159	-0.210	0.017	113.878	-0.004
6.191	-0.201	-0.051	115.508	-0.030
6.221	-0.143	-0.008	113.988	-0.013
6.252	-0.155	-0.076	114.993	0.034
6.282	-0.185	-0.013	114.417	-0.025
6.333	-0.176	-0.013	114.552	-0.042
6.364	-0.130	-0.102	115.728	0.025
6.399	-0.189	-0.051	114.993	0.009
6.432	-0.055	-0.098	114.564	0.038
6.462	-0.197	-0.055	115.324	0.013
6.493	-0.247	-0.008	115.103	-0.030
6.523	-0.101	-0.004	112.897	0.042
6.555	-0.193	-0.059	115.397	0.013
6.588	-0.113	-0.093	114.564	0.055
6.617	-0.084	-0.051	114.196	0.009
6.647	-0.105	-0.047	114.662	0.013
6.679	-0.029	-0.055	113.608	0.030
6.713	-0.197	0.004	114.209	-0.025
6.746	-0.143	-0.055	114.441	0.034
6.777	-0.214	-0.030	115.361	-0.030
6.807	-0.130	-0.025	113.841	0.038
6.837	-0.176	-0.076	115.790	-0.021
6.867	-0.117	-0.021	113.841	0.021
6.897	-0.206	-0.055	115.544	-0.017
6.927	-0.218	-0.030	114.993	0.009
6.957	-0.126	-0.093	115.299	0.004
6.988	-0.264	0.004	114.858	-0.025
7.018	-0.084	-0.098	114.968	0.030
7.048	-0.206	0.004	115.042	-0.051
7.079	-0.067	-0.085	114.392	0.034
7.110	-0.298	0.042	114.638	-0.051
7.140	-0.138	-0.072	114.638	0.038
7.169	-0.159	-0.004	114.037	0.004
7.199	-0.180	-0.042	114.932	0.004
7.230	-0.126	-0.021	114.552	-0.021
7.260	-0.222	0.021	114.062	-0.021
7.290	-0.067	-0.059	114.258	0.030
7.320	-0.088	-0.051	114.331	0.017
7.350	-0.117	-0.089	115.287	0.009
7.381	-0.130	-0.055	114.368	0.034
7.412	-0.164	-0.085	115.336	0.030
7.442	-0.180	-0.051	115.250	-0.025
7.472	-0.168	-0.081	115.483	0.017
7.503	-0.101	-0.021	113.535	0.038
7.536	-0.206	-0.072	115.336	0.017
7.569	-0.130	-0.093	115.042	0.051
7.600	-0.096	-0.059	114.503	0.013
7.629	-0.134	0.000	113.486	0.009
7.659	-0.222	0.017	114.000	-0.017
7.689	-0.206	0.017	113.902	-0.008
7.718	-0.092	-0.089	114.870	0.038
7.748	-0.193	-0.004	113.755	0.004
7.777	-0.214	-0.064	115.667	-0.004
7.807	-0.101	-0.089	114.576	0.009
7.838	-0.122	-0.085	115.385	0.013
7.868	-0.197	0.004	114.625	-0.042
7.900	-0.168	-0.025	114.834	-0.034
7.932	-0.075	-0.030	113.265	0.038
7.963	-0.189	0.004	114.294	-0.030
7.993	-0.231	0.038	113.412	-0.017
8.023	-0.113	-0.025	113.718	0.038
8.053	-0.239	-0.047	115.336	-0.021
8.083	-0.239	-0.013	114.919	-0.004
8.112	-0.143	-0.025	114.699	-0.021
8.144	-0.151	-0.008	113.816	0.004
8.178	-0.147	0.004	114.012	-0.021
8.211	-0.189	-0.076	115.385	-0.030
8.244	-0.168	-0.004	114.209	-0.008
8.276	-0.218	-0.051	115.165	-0.008
8.344	-0.168	-0.072	115.753	-0.004
8.377	-0.189	0.009	113.927	-0.004
8.410	-0.210	-0.021	114.956	-0.042
8.442	-0.256	0.004	114.821	-0.021
8.475	-0.155	-0.098	115.054	0.068
8.507	-0.189	-0.076	115.422	0.004
8.540	-0.172	-0.004	114.515	-0.047
8.573	-0.180	-0.051	114.834	0.004
8.604	-0.130	-0.042	114.000	0.017
8.637	-0.218	0.004	114.993	-0.072
8.672	-0.185	-0.013	114.613	0.000
8.702	-0.113	-0.034	114.184	0.009
8.733	-0.206	0.038	113.436	-0.004
8.764	-0.285	-0.025	115.618	-0.030
8.794	-0.239	0.017	114.270	-0.034
8.823	-0.210	-0.030	114.981	-0.017
8.852	-0.180	-0.004	114.711	-0.030
8.882	-0.260	-0.008	114.993	0.004
8.912	-0.176	0.004	114.098	-0.008
8.943	-0.126	-0.030	113.682	0.030
8.973	-0.138	-0.021	115.152	0.013
9.003	-0.206	0.013	113.816	-0.004
9.033	-0.130	-0.021	113.694	0.021
9.063	-0.155	-0.021	114.245	-0.013
9.093	-0.243	-0.025	115.312	-0.030
9.129	-0.231	0.004	114.233	-0.025
9.159	-0.138	-0.042	114.086	0.034
9.189	-0.117	-0.021	113.743	-0.017
9.218	-0.096	-0.089	114.490	0.059
9.250	-0.193	-0.021	115.005	-0.055
9.285	-0.214	0.013	114.196	-0.030
9.318	-0.197	-0.034	115.005	-0.004
9.348	-0.210	-0.047	115.140	-0.004
9.378	-0.164	-0.059	114.895	0.021
9.408	-0.159	0.187	115.557	0.025
9.438	-0.117	4.388	113.363	0.212
9.467	-0.117	11.935	115.312	-0.127
9.497	-0.164	18.394	113.486	-0.501
9.526	-0.084	21.047	114.883	-0.904
9.555	-0.084	21.004	113.057	-1.388
9.583	-0.130	18.042	113.841	-1.825
9.611	-0.105	12.542	113.792	-2.075
9.640	-0.101	8.875	113.865	-2.075
9.670	-0.088	7.342	113.461	-1.804
9.699	-0.059	7.856	113.106	-1.485
9.727	-0.185	10.576	113.130	-1.443
9.757	-0.256	14.872	114.662	-1.634
9.787	-0.130	18.755	113.436	-1.990
9.817	-0.063	21.964	113.191	-2.474
9.846	-0.185	24.506	114.356	-2.945
9.875	-0.159	26.696	114.417	-3.412
9.904	-0.147	28.814	114.748	-3.828
9.934	-0.176	31.190	115.275	-4.274
9.963	-0.264	33.644	114.417	-4.690
9.993	-0.063	35.974	112.750	-5.025
10.021	-0.256	38.198	114.037	-5.424
10.049	-0.168	40.252	114.392	-5.764
10.079	-0.268	42.378	114.490	-6.129
10.108	-0.193	44.462	114.441	-6.396
10.138	-0.164	46.537	113.657	-6.680
10.166	-0.164	48.396	114.981	-6.973
10.196	-0.222	50.319	114.454	-7.245
10.226	-0.193	52.152	113.338	-7.465
10.255	-0.231	53.897	114.270	-7.746
10.283	-0.189	55.577	113.412	-7.746
10.339	-0.109	58.676	113.277	-7.801
10.370	-0.105	60.204	113.486	-8.102
10.400	-0.260	61.774	113.424	-8.510
10.429	-0.226	62.975	113.988	-8.832
10.458	-0.138	64.155	111.892	-9.125
10.492	-0.256	65.407	112.959	-9.498
10.521	-0.197	66.409	112.088	-9.804
10.550	-0.201	67.347	112.444	-10.029
10.580	-0.096	68.242	111.610	-10.288
10.610	-0.130	69.074	112.174	-10.538
10.640	-0.172	69.812	112.419	-10.806
10.669	-0.185	70.538	112.505	-10.967
10.698	-0.218	71.247	113.228	-11.196
10.728	-0.264	71.964	112.481	-11.400
10.757	-0.176	72.452	112.701	-11.553
10.787	-0.168	73.127	111.537	-11.727
10.817	-0.159	73.670	111.733	-11.888
10.847	-0.243	74.231	111.966	-12.109
10.876	-0.264	74.740	110.814	-12.257
10.906	-0.088	75.118	111.390	-12.350
10.936	-0.084	75.563	111.414	-12.457
10.965	-0.151	76.047	111.194	-12.609
10.995	-0.210	76.476	111.794	-12.766
11.025	-0.143	76.786	111.831	-12.817
11.055	-0.172	77.202	110.851	-12.949
11.085	-0.172	77.575	111.365	-13.047
11.119	-0.117	77.864	111.733	-13.055
11.150	-0.122	78.318	109.833	-13.097
11.180	-0.180	78.577	110.520	-13.204
11.210	-0.260	78.819	110.789	-13.288
11.239	-0.109	79.022	111.181	-13.318
11.269	-0.206	79.481	109.711	-13.369
11.299	-0.172	79.536	111.635	-13.403
11.333	-0.109	79.846	109.110	-13.352
11.363	-0.147	79.965	110.679	-13.365
11.392	-0.130	80.304	109.086	-13.369
11.422	-0.189	80.419	109.601	-13.424
11.453	-0.256	80.639	110.397	-13.488
11.483	-0.063	80.860	109.110	-13.441
11.517	-0.105	81.043	109.441	-13.471
11.547	-0.122	81.195	108.963	-13.454
11.577	-0.210	81.272	109.000	-13.492
11.607	-0.164	81.442	110.250	-13.450
11.637	-0.138	81.624	108.289	-13.450
11.667	-0.214	81.751	107.995	-13.501
11.696	-0.159	81.734	110.434	-13.479
11.725	-0.159	81.849	109.564	-13.454
11.755	-0.239	82.036	109.012	-13.535
11.785	-0.096	82.108	107.860	-13.424
11.818	-0.117	82.197	108.216	-13.458
11.851	-0.122	82.265	108.203	-13.471
11.882	-0.155	82.422	108.044	-13.488
11.912	-0.101	82.329	108.645	-13.441
11.942	-0.134	82.486	108.951	-13.462
11.971	-0.214	82.422	109.221	-13.467
12.001	-0.210	82.643	107.493	-13.484
12.031	-0.117	82.545	107.836	-13.441
12.061	-0.273	82.698	108.510	-13.522
12.094	-0.138	82.677	108.755	-13.454
12.123	-0.159	82.800	107.909	-13.484
12.153	-0.189	82.834	107.382	-13.509
12.183	-0.226	82.689	108.326	-13.488
12.213	-0.088	82.783	107.419	-13.492
12.243	-0.159	82.702	107.983	-13.450
12.273	-0.180	82.829	107.260	-13.518
12.336	-0.155	82.766	106.353	-13.475
12.367	-0.109	82.795	107.137	-13.437
12.400	-0.201	82.902	106.095	-13.479
12.430	-0.101	82.829	106.806	-13.488
12.459	-0.206	82.893	106.341	-13.484
12.489	-0.151	82.812	106.157	-13.467
12.519	-0.226	82.681	107.934	-13.484
12.548	-0.147	82.745	106.304	-13.441
12.578	-0.189	82.757	107.198	-13.522
12.608	-0.159	82.817	105.814	-13.484
12.637	-0.143	82.812	105.005	-13.479
12.670	-0.147	82.694	106.708	-13.433
12.702	-0.206	82.630	105.483	-13.509
12.731	-0.193	82.621	107.223	-13.471
12.761	-0.243	82.681	106.402	-13.501
12.792	-0.096	82.494	106.218	-13.424
12.827	-0.172	82.554	105.740	-13.496
12.860	-0.226	82.537	106.169	-13.535
12.890	-0.080	82.494	106.022	-13.458
12.920	-0.214	82.596	105.654	-13.539
12.950	-0.109	82.486	105.054	-13.479
12.980	-0.105	82.295	104.404	-13.433
13.010	-0.210	82.341	106.243	-13.479
13.040	-0.289	82.282	106.647	-13.513
13.070	-0.222	82.273	104.662	-13.505
13.100	-0.193	82.244	104.894	-13.530
13.130	-0.189	82.159	104.968	-13.509
13.160	-0.252	82.078	105.201	-13.547
13.190	-0.080	82.019	104.527	-13.518
13.220	-0.235	82.057	105.274	-13.505
13.249	-0.113	81.925	105.201	-13.467
13.279	-0.168	81.815	104.943	-13.454
13.309	-0.134	81.921	103.313	-13.475
13.339	-0.105	81.802	104.073	-13.467
13.368	-0.130	81.811	103.865	-13.513
13.398	-0.168	81.743	104.147	-13.479
13.428	-0.206	81.696	103.816	-13.560
13.458	-0.189	81.654	104.404	-13.488
13.488	-0.206	81.628	103.791	-13.552
13.518	-0.214	81.645	103.755	-13.518
13.548	-0.168	81.667	102.921	-13.522
13.580	-0.143	81.437	102.774	-13.484
13.613	-0.256	81.310	104.245	-13.505
13.643	-0.273	81.319	103.546	-13.522
13.672	-0.101	81.212	102.872	-13.513
13.702	-0.180	81.166	103.816	-13.518
13.731	-0.180	81.170	103.289	-13.569
13.760	-0.193	81.098	103.926	-13.535
13.790	-0.206	81.089	102.836	-13.569
13.820	-0.147	80.924	102.309	-13.475
13.850	-0.268	80.835	103.179	-13.530
13.879	-0.214	80.932	102.566	-13.577
13.909	-0.180	80.779	102.688	-13.556
13.939	-0.226	80.644	103.669	-13.552
13.969	-0.159	80.584	103.546	-13.535
13.999	-0.168	80.593	101.978	-13.539
14.029	-0.113	80.584	101.929	-13.513
14.059	-0.117	80.347	101.255	-13.488
14.089	-0.206	80.279	102.394	-13.539
14.119	-0.164	80.003	103.032	-13.513
14.149	-0.231	79.939	102.345	-13.518
14.179	-0.113	79.880	101.720	-13.501
14.208	-0.197	79.825	100.813	-13.547
14.237	-0.206	79.583	102.345	-13.513
14.267	-0.130	79.404	102.652	-13.539
14.299	-0.143	79.201	101.230	-13.513
14.329	-0.134	79.010	101.279	-13.577
14.360	-0.268	78.751	101.855	-13.581
14.390	-0.222	78.466	102.051	-13.564
14.420	-0.176	78.101	100.495	-13.573
14.450	-0.214	77.668	101.843	-13.543
14.479	-0.080	77.359	100.887	-13.552
14.508	-0.172	76.777	100.997	-13.569
14.538	-0.180	76.332	100.250	-13.560
14.568	-0.084	75.614	101.524	-13.547
14.597	-0.109	74.973	99.968	-13.581
14.627	-0.138	74.286	101.083	-13.615
14.657	-0.231	73.399	100.997	-13.590
14.687	-0.197	72.444	101.929	-13.619
14.717	-0.122	71.472	100.409	-13.564
14.747	-0.331	70.441	101.451	-13.675
14.776	-0.126	69.159	101.487	-13.611
14.805	-0.109	67.843	99.723	-13.653
14.835	-0.159	66.328	100.446	-13.632
14.865	-0.122	64.685	100.862	-13.670
14.895	-0.268	63.039	100.556	-13.743
14.925	-0.105	61.303	99.527	-13.636
14.954	-0.281	59.758	100.973	-13.751
14.984	-0.252	58.179	100.262	-13.760
15.013	-0.172	56.545	100.764	-13.789
15.042	-0.294	55.064	100.446	-13.836
15.072	-0.151	53.307	99.110	-13.810
15.101	-0.210	51.393	101.071	-13.857
15.130	-0.113	49.288	99.502	-13.658
15.159	-0.226	46.576	100.936	-13.445
15.189	-0.239	43.341	99.919	-13.047
15.219	-0.096	39.734	99.367	-12.474
15.248	-0.138	36.020	99.490	-11.803
15.276	-0.117	32.230	98.693	-11.120
15.306	-0.247	28.474	99.833	-10.419
15.336	-0.138	24.744	98.877	-9.583
15.364	-0.164	21.229	99.478	-8.811
15.393	-0.113	17.868	99.931	-8.013
15.421	-0.126	14.681	99.441	-7.156
15.450	-0.159	11.778	100.372	-6.269
15.479	-0.193	9.231	99.502	-5.356
15.508	-0.189	6.952	99.269	-4.422
15.537	-0.130	4.923	100.127	-3.557
15.565	-0.130	3.255	99.306	-2.784
15.593	-0.134	1.770	100.139	-2.114
15.621	-0.151	0.722	98.620	-1.524
15.652	-0.168	0.102	99.992	-1.074
15.682	-0.159	0.144	98.987	-0.675
15.715	-0.189	0.340	100.103	-0.323
15.743	-0.176	0.374	100.139	-0.115
15.773	-0.210	0.267	100.029	-0.195
15.803	-0.159	0.204	98.583	-0.187
