D Time (seconds)	Pitot Pressure (PSIG)	Plenum Pressure (PSIG)	Tank Pressure (PSIG)
0.000	-0.138	-0.068	90.715	0.030
0.031	-0.109	-0.030	89.869	0.009
0.063	-0.155	-0.064	91.033	0.034
0.094	-0.113	-0.030	90.323	0.021
0.125	-0.210	0.013	89.906	-0.017
0.156	-0.256	-0.021	91.659	-0.059
0.187	-0.096	-0.076	90.984	0.009
0.218	-0.147	-0.021	89.698	0.025
0.249	-0.176	-0.064	91.254	0.034
0.280	-0.096	-0.038	89.857	0.034
0.311	-0.231	0.013	90.654	0.004
0.342	-0.197	-0.025	91.524	-0.042
0.372	-0.122	-0.013	89.318	0.042
0.403	-0.096	-0.047	89.881	0.055
0.434	-0.105	0.004	89.759	-0.008
0.465	-0.168	-0.059	91.315	0.004
0.496	-0.180	-0.055	91.659	-0.013
0.527	-0.180	-0.064	91.732	-0.021
0.558	-0.164	-0.004	90.433	-0.034
0.589	-0.071	-0.047	90.200	0.013
0.620	-0.298	-0.004	91.377	-0.025
0.651	-0.126	-0.064	90.727	0.025
0.682	-0.096	-0.021	89.881	0.000
0.713	-0.206	0.004	90.678	-0.030
0.744	-0.168	-0.008	90.678	-0.038
0.775	-0.147	-0.021	90.004	0.004
0.806	-0.172	-0.051	90.935	0.025
0.837	-0.247	0.013	90.470	-0.030
0.868	-0.126	-0.051	90.127	0.004
0.899	-0.126	-0.025	89.906	0.030
0.929	-0.256	-0.055	91.585	0.021
0.960	-0.084	-0.072	90.482	0.034
0.991	-0.113	-0.047	90.065	0.038
1.022	-0.147	0.004	89.563	0.004
1.053	-0.134	-0.038	90.323	0.004
1.084	-0.201	-0.051	91.695	-0.025
1.115	-0.206	-0.051	91.401	-0.004
1.146	-0.155	-0.008	90.531	-0.021
1.183	-0.134	-0.076	91.242	0.017
1.213	-0.113	-0.030	90.139	0.021
1.244	-0.151	-0.013	90.445	-0.047
1.275	-0.138	-0.047	90.470	0.030
1.306	-0.197	0.004	90.923	-0.047
1.337	-0.180	0.004	90.163	-0.021
1.368	-0.231	-0.051	92.063	-0.021
1.399	-0.210	-0.038	91.720	-0.021
1.431	-0.151	-0.021	90.752	-0.042
1.462	-0.206	0.013	90.078	-0.021
1.493	-0.252	-0.008	91.168	-0.030
1.524	-0.088	-0.051	90.286	0.038
1.555	-0.193	0.009	90.654	-0.030
1.586	-0.235	-0.021	91.389	-0.051
1.617	-0.206	-0.030	91.095	-0.030
1.648	-0.189	-0.072	91.720	-0.017
1.680	-0.109	-0.030	89.649	0.030
1.710	-0.164	-0.047	90.727	0.030
1.740	-0.168	-0.064	91.487	0.004
1.771	-0.130	-0.004	90.176	-0.008
1.802	-0.101	-0.047	90.347	0.009
1.833	-0.088	-0.030	90.310	0.004
1.864	-0.260	-0.017	91.279	-0.030
1.895	-0.113	-0.038	89.918	0.017
1.925	-0.193	0.004	90.641	-0.038
1.956	-0.210	-0.055	91.965	-0.021
1.987	-0.075	-0.064	90.507	0.013
2.018	-0.264	-0.008	91.205	-0.025
2.047	-0.180	0.000	89.783	-0.004
2.076	-0.151	-0.051	90.727	0.025
2.106	-0.264	-0.004	90.874	-0.030
2.135	-0.247	-0.021	91.340	-0.034
2.165	-0.143	-0.089	91.230	0.013
2.195	-0.176	-0.076	91.487	0.021
2.223	-0.226	0.038	90.090	-0.042
2.253	-0.126	0.013	89.857	-0.013
2.282	-0.168	0.000	89.881	0.021
2.311	-0.168	-0.008	90.372	-0.017
2.341	-0.260	-0.004	91.132	-0.017
2.371	-0.134	-0.017	90.176	-0.013
2.402	-0.130	-0.093	91.867	0.004
2.431	-0.092	-0.064	90.654	0.013
2.461	-0.159	-0.034	90.323	0.009
2.491	-0.143	-0.085	91.230	0.034
2.521	-0.109	-0.017	90.078	-0.025
2.550	-0.080	-0.059	90.347	0.013
2.580	-0.147	-0.013	90.114	-0.021
2.610	-0.185	-0.064	91.242	0.013
2.640	-0.105	-0.081	90.715	0.038
2.671	-0.193	-0.064	91.683	-0.013
2.701	-0.092	-0.051	90.433	0.013
2.731	-0.151	-0.072	90.874	0.051
2.760	-0.180	0.004	90.335	-0.030
2.789	-0.130	-0.013	89.881	-0.004
2.818	-0.147	-0.021	89.722	0.025
2.847	-0.130	-0.089	91.217	0.034
2.877	-0.101	-0.089	91.389	0.017
2.907	-0.138	-0.025	89.673	0.042
2.937	-0.210	-0.085	92.222	-0.021
2.967	-0.071	-0.055	89.943	0.038
2.996	-0.201	-0.038	91.560	-0.021
3.025	-0.109	-0.064	90.004	0.064
3.055	-0.226	-0.055	91.303	0.013
3.085	-0.122	-0.055	90.310	0.042
3.114	-0.088	-0.042	90.102	0.013
3.143	-0.096	-0.064	90.065	0.047
3.173	-0.176	-0.059	91.720	0.000
3.203	-0.147	-0.021	90.274	0.042
3.232	-0.126	-0.055	90.568	0.038
3.265	-0.222	0.034	90.372	-0.072
3.295	-0.134	-0.030	90.151	0.009
3.325	-0.235	0.004	90.948	-0.034
3.354	-0.092	-0.042	90.065	0.025
3.383	-0.151	-0.064	91.156	-0.008
3.413	-0.210	-0.008	90.874	-0.030
3.443	-0.176	-0.042	91.732	-0.051
3.473	-0.218	-0.013	91.279	-0.021
3.503	-0.189	-0.030	91.303	-0.021
3.533	-0.193	-0.072	91.879	-0.042
3.563	-0.168	-0.047	91.242	-0.038
3.597	-0.063	-0.064	90.507	0.004
3.627	-0.059	-0.055	89.722	0.051
3.657	-0.122	-0.085	91.340	0.013
3.687	-0.201	0.000	91.058	-0.085
3.717	-0.164	-0.004	90.065	-0.013
3.746	-0.235	0.047	90.212	-0.034
3.776	-0.126	-0.034	90.274	0.009
3.806	-0.147	-0.013	90.641	-0.017
3.835	-0.067	-0.085	90.568	0.038
3.865	-0.080	-0.042	90.261	0.021
3.899	-0.155	-0.064	91.475	-0.008
3.929	-0.063	-0.072	90.274	0.021
3.963	-0.210	-0.051	91.499	0.034
3.994	-0.201	-0.051	90.923	0.021
4.023	-0.243	-0.013	91.315	-0.038
4.052	-0.138	-0.068	90.997	0.047
4.082	-0.264	0.025	90.310	-0.013
4.111	-0.247	-0.030	91.744	-0.059
4.140	-0.113	-0.025	90.654	-0.017
4.170	-0.197	0.004	90.690	-0.021
4.200	-0.109	0.013	89.134	0.004
4.230	-0.277	-0.013	91.377	-0.013
4.259	-0.159	-0.034	90.715	0.004
4.289	-0.113	-0.051	90.494	0.021
4.319	-0.231	-0.055	91.524	0.004
4.348	-0.096	-0.004	89.220	0.047
4.377	-0.226	-0.004	90.482	-0.004
4.406	-0.101	-0.064	90.519	0.013
4.436	-0.096	-0.008	89.134	0.017
4.470	-0.185	-0.076	90.874	0.030
4.500	-0.101	-0.055	90.225	0.025
4.529	-0.189	-0.051	91.585	-0.004
4.558	-0.046	-0.072	89.526	0.068
4.587	-0.164	-0.042	90.396	0.034
4.616	-0.155	0.004	90.310	-0.013
4.645	-0.210	-0.004	90.825	-0.021
4.675	-0.101	-0.047	90.029	0.030
4.704	-0.264	-0.055	91.928	0.013
4.734	-0.180	0.004	90.090	0.009
4.764	-0.222	-0.030	91.021	0.004
4.794	-0.235	-0.034	91.352	-0.008
4.824	-0.235	-0.047	91.965	-0.021
4.854	-0.193	0.017	90.408	-0.017
4.884	-0.222	-0.051	91.315	0.025
4.914	-0.088	-0.051	89.477	0.076
4.944	-0.071	-0.081	90.163	0.038
4.973	-0.235	0.009	90.310	-0.013
5.003	-0.105	-0.059	90.372	0.042
5.060	-0.063	-0.047	89.649	0.021
5.090	-0.055	-0.059	90.605	0.009
5.120	-0.214	-0.064	91.217	0.013
5.150	-0.126	-0.051	90.225	0.030
5.180	-0.092	-0.021	90.065	-0.030
5.209	-0.185	-0.059	91.536	-0.025
5.239	-0.239	-0.068	92.002	-0.025
5.268	-0.164	-0.081	91.168	0.042
5.298	-0.197	-0.051	91.193	-0.004
5.328	-0.092	-0.042	90.176	-0.004
5.358	-0.134	-0.025	90.200	0.013
5.386	-0.168	-0.017	90.323	-0.017
5.416	-0.063	-0.051	89.796	-0.008
5.446	-0.197	-0.068	91.193	0.004
5.475	-0.201	-0.004	90.445	-0.004
5.504	-0.138	-0.051	89.857	0.051
5.538	-0.138	-0.021	90.029	0.013
5.568	-0.168	-0.098	91.757	0.013
5.598	-0.159	-0.030	89.943	0.025
5.627	-0.075	-0.059	89.918	0.025
5.656	-0.096	-0.098	90.850	0.051
5.686	-0.117	-0.038	89.367	0.081
5.716	-0.193	0.004	90.261	-0.017
5.746	-0.197	-0.047	91.254	0.004
5.775	-0.180	-0.042	90.960	0.009
5.805	-0.130	-0.068	90.886	0.025
5.835	-0.310	-0.025	91.585	-0.055
5.864	-0.130	-0.025	90.139	-0.013
5.893	-0.180	-0.042	91.033	-0.021
5.923	-0.130	-0.004	89.109	0.013
5.952	-0.134	-0.059	90.261	0.059
5.981	-0.138	-0.038	89.832	0.017
6.011	-0.256	0.034	89.330	-0.004
6.041	-0.189	-0.076	91.842	-0.004
6.070	-0.126	-0.081	90.372	0.068
6.100	-0.185	-0.030	91.340	-0.030
6.129	-0.260	-0.008	91.217	-0.038
6.158	-0.075	3.888	89.673	0.284
6.188	-0.226	6.612	91.842	-0.030
6.216	-0.055	6.918	90.372	-0.314
6.245	-0.235	6.778	91.340	-0.671
6.274	-0.105	5.976	89.734	-0.772
6.303	-0.059	4.130	90.421	-0.794
6.332	-0.101	2.661	91.242	-0.730
6.362	-0.285	2.564	90.114	-0.683
6.391	-0.080	3.909	90.225	-0.632
6.421	-0.180	6.600	91.781	-0.679
6.450	-0.164	9.414	89.881	-0.734
6.479	-0.210	11.922	91.487	-1.057
6.509	-0.226	14.209	91.364	-1.413
6.539	-0.306	16.208	91.401	-1.804
6.569	-0.122	18.076	90.519	-2.135
6.597	-0.155	19.948	90.372	-2.508
6.626	-0.084	21.883	89.673	-2.869
6.656	-0.080	23.759	90.494	-3.285
6.684	-0.193	25.648	90.654	-3.726
6.714	-0.117	27.489	89.563	-4.062
6.742	-0.180	29.140	91.462	-4.414
6.771	-0.088	30.774	90.347	-4.719
6.800	-0.214	32.570	89.109	-5.080
6.829	-0.197	34.093	90.727	-5.424
6.858	-0.226	35.676	90.654	-5.734
6.886	-0.067	37.136	89.453	-5.938
6.916	-0.109	38.656	88.766	-6.226
6.944	-0.164	40.099	88.889	-6.515
6.973	-0.189	41.381	90.065	-6.710
7.002	-0.197	42.701	90.776	-6.922
7.035	-0.243	44.229	90.752	-7.168
7.064	-0.218	45.459	89.734	-7.274
7.094	-0.218	46.826	89.305	-7.440
7.124	-0.113	47.942	89.367	-7.499
7.153	-0.206	49.131	88.754	-7.690
7.182	-0.210	50.119	89.587	-7.890
7.211	-0.256	51.147	89.526	-8.068
7.241	-0.113	52.072	88.791	-8.157
7.270	-0.109	53.073	88.497	-8.234
7.299	-0.130	53.897	89.783	-8.234
7.328	-0.109	54.712	89.661	-8.055
7.357	-0.096	55.573	88.864	-7.860
7.387	-0.147	56.486	87.639	-7.716
7.416	-0.130	57.050	89.453	-7.809
7.445	-0.143	57.717	89.832	-8.017
7.475	-0.138	58.434	88.766	-8.238
7.505	-0.185	59.075	87.614	-8.603
7.535	-0.164	59.542	87.688	-8.955
7.563	-0.117	59.966	88.362	-9.172
7.593	-0.180	60.390	89.244	-9.477
7.622	-0.092	60.823	88.068	-9.745
7.651	-0.168	61.197	87.982	-10.020
7.680	-0.075	61.464	88.644	-10.237
7.709	-0.264	61.829	89.207	-10.559
7.738	-0.252	62.105	88.778	-10.767
7.772	-0.176	62.453	88.435	-11.056
7.802	-0.143	62.708	87.161	-11.196
7.832	-0.218	62.903	88.399	-11.442
7.862	-0.277	63.115	88.631	-11.620
7.891	-0.231	63.408	87.124	-11.828
7.921	-0.134	63.561	86.340	-11.956
7.951	-0.143	63.722	86.756	-12.083
7.980	-0.226	63.743	88.754	-12.300
8.010	-0.210	63.998	87.725	-12.448
8.040	-0.109	64.091	87.614	-12.516
8.070	-0.222	64.287	87.112	-12.682
8.098	-0.226	64.333	87.455	-12.813
8.127	-0.214	64.473	87.577	-12.957
8.157	-0.226	64.507	87.823	-12.953
8.187	-0.063	64.562	86.769	-13.038
8.217	-0.147	64.677	86.217	-13.140
8.247	-0.172	64.652	87.798	-13.229
8.277	-0.264	64.745	87.725	-13.301
8.306	-0.151	64.966	85.396	-13.335
8.336	-0.214	65.034	86.585	-13.450
8.365	-0.197	65.017	87.271	-13.501
8.394	-0.185	65.046	87.663	-13.509
8.424	-0.189	65.059	86.805	-13.526
8.454	-0.256	65.084	87.271	-13.619
8.484	-0.168	65.076	86.597	-13.581
8.514	-0.117	65.182	85.506	-13.611
8.544	-0.294	65.225	86.965	-13.666
8.577	-0.143	65.220	86.340	-13.683
8.608	-0.206	65.237	86.720	-13.692
8.638	-0.256	65.203	87.185	-13.683
8.667	-0.226	65.233	86.609	-13.743
8.698	-0.226	65.144	87.001	-13.721
8.729	-0.122	65.280	85.212	-13.683
8.760	-0.256	65.220	85.041	-13.760
8.790	-0.155	65.140	85.617	-13.704
8.820	-0.222	65.233	84.979	-13.738
8.850	-0.277	65.203	85.506	-13.751
8.884	-0.185	65.059	85.433	-13.760
8.919	-0.113	65.017	84.930	-13.734
8.949	-0.239	65.118	86.107	-13.785
8.979	-0.109	65.080	84.256	-13.738
9.008	-0.143	65.123	83.398	-13.747
9.043	-0.189	65.114	84.170	-13.772
9.073	-0.226	65.029	85.702	-13.793
9.103	-0.206	64.932	86.254	-13.764
9.133	-0.138	64.944	83.803	-13.726
9.164	-0.235	64.961	85.433	-13.747
9.193	-0.117	65.004	85.004	-13.743
9.223	-0.164	64.881	85.702	-13.777
9.252	-0.222	64.991	84.072	-13.772
9.282	-0.134	64.826	85.175	-13.751
9.311	-0.101	64.813	83.840	-13.721
9.340	-0.176	64.758	84.599	-13.751
9.370	-0.206	64.783	83.545	-13.777
9.399	-0.252	64.681	84.514	-13.768
9.428	-0.210	64.639	84.477	-13.760
9.458	-0.268	64.575	85.408	-13.810
9.488	-0.235	64.669	83.570	-13.781
9.522	-0.210	64.545	84.685	-13.781
9.552	-0.222	64.558	84.379	-13.823
9.582	-0.176	64.507	83.509	-13.777
9.613	-0.101	64.414	84.121	-13.789
9.643	-0.130	64.448	83.827	-13.726
9.673	-0.201	64.469	84.256	-13.777
9.703	-0.218	64.359	83.803	-13.798
9.733	-0.218	64.333	84.170	-13.785
9.763	-0.159	64.376	81.928	-13.764
9.798	-0.105	64.244	83.533	-13.760
9.828	-0.109	64.163	84.023	-13.768
9.857	-0.164	64.219	83.435	-13.810
9.886	-0.231	64.091	84.183	-13.793
9.915	-0.151	63.989	84.281	-13.768
9.944	-0.143	64.117	81.352	-13.768
9.974	-0.168	63.981	82.700	-13.781
10.003	-0.197	63.947	83.521	-13.777
10.033	-0.155	63.909	82.210	-13.789
10.063	-0.117	63.909	81.977	-13.755
10.092	-0.134	63.773	82.467	-13.764
10.121	-0.206	63.841	81.695	-13.810
10.151	-0.109	63.688	82.822	-13.760
10.180	-0.214	63.663	82.859	-13.772
10.213	-0.214	63.748	81.903	-13.832
10.243	-0.080	63.557	81.940	-13.713
10.273	-0.168	63.603	82.026	-13.793
10.303	-0.180	63.501	83.227	-13.823
10.333	-0.168	63.446	82.540	-13.789
10.363	-0.289	63.531	82.528	-13.836
10.392	-0.164	63.574	80.947	-13.819
10.426	-0.247	63.450	82.822	-13.844
10.456	-0.143	63.370	82.210	-13.781
10.489	-0.117	63.302	80.200	-13.781
10.519	-0.164	63.255	82.455	-13.840
10.549	-0.247	63.175	82.724	-13.823
10.579	-0.264	63.115	82.222	-13.840
10.609	-0.247	62.958	82.455	-13.870
10.638	-0.260	62.869	82.957	-13.853
10.668	-0.201	62.678	83.055	-13.827
10.699	-0.193	62.674	81.278	-13.836
10.733	-0.067	62.491	80.518	-13.802
10.764	-0.122	62.334	81.866	-13.823
10.793	-0.109	62.190	81.180	-13.785
10.822	-0.189	62.007	80.812	-13.849
10.853	-0.239	61.765	80.739	-13.874
10.883	-0.243	61.413	81.781	-13.823
10.914	-0.159	61.120	80.065	-13.857
10.944	-0.273	60.764	81.609	-13.861
10.973	-0.180	60.314	82.087	-13.866
11.003	-0.231	60.017	80.910	-13.870
11.075	-0.239	58.676	81.781	-13.887
11.106	-0.159	58.039	79.869	-13.849
11.136	-0.243	57.330	80.420	-13.900
11.165	-0.176	56.464	80.384	-13.895
11.194	-0.151	55.539	81.217	-13.853
11.228	-0.168	54.364	80.187	-13.891
11.258	-0.218	53.163	80.861	-13.878
11.287	-0.159	51.864	79.771	-13.878
11.316	-0.088	50.523	80.371	-13.755
11.345	-0.147	49.194	79.195	-13.543
11.373	-0.214	47.853	81.180	-13.246
11.404	-0.210	46.554	80.040	-12.758
11.434	-0.063	45.116	79.820	-12.147
11.464	-0.172	43.804	80.420	-11.604
11.493	-0.138	42.327	79.820	-10.929
11.522	-0.289	40.825	80.298	-10.398
11.551	-0.277	38.872	80.580	-9.863
11.579	-0.231	36.534	79.930	-9.324
11.608	-0.122	33.898	79.783	-8.756
11.636	-0.197	31.038	78.692	-8.280
11.665	-0.164	27.812	79.746	-7.686
11.694	-0.172	24.586	80.384	-7.207
11.723	-0.151	21.382	79.587	-6.591
11.751	-0.075	18.288	78.962	-5.988
11.779	-0.231	15.402	78.606	-5.432
11.808	-0.147	12.431	78.705	-4.686
11.841	-0.210	9.286	80.874	-3.866
11.871	-0.189	6.982	80.053	-3.158
11.899	-0.126	4.911	80.960	-2.462
11.927	-0.138	3.217	79.624	-1.880
11.960	-0.130	1.515	79.379	-1.396
11.989	-0.294	0.492	80.837	-1.002
12.019	-0.155	0.009	79.526	-0.637
12.047	-0.193	0.085	79.709	-0.407
12.076	-0.247	0.352	79.893	-0.233
12.105	-0.075	0.289	79.330	-0.013
12.136	-0.197	0.216	79.758	-0.119
12.165	-0.180	0.127	78.986	-0.144
12.193	-0.155	0.127	79.991	-0.081
12.223	-0.180	0.208	79.440	-0.017
12.251	-0.247	0.238	80.494	-0.110
12.281	-0.260	0.161	80.996	-0.115
12.309	-0.197	0.098	80.776	-0.093
12.339	-0.147	0.174	79.428	-0.072
12.368	-0.189	0.132	81.707	-0.102
12.398	-0.109	0.161	79.084	-0.034
12.426	-0.164	0.110	80.310	-0.047
12.455	-0.155	0.149	80.285	-0.115
12.485	-0.218	0.195	79.869	-0.110
12.514	-0.218	0.149	80.236	-0.038
12.544	-0.138	0.110	80.016	-0.047
12.574	-0.180	0.115	80.187	-0.042
12.604	-0.206	0.157	79.844	-0.102
12.633	-0.218	0.115	80.604	-0.064
12.663	-0.277	0.166	80.641	-0.132
12.692	-0.138	0.106	80.053	-0.085
12.722	-0.247	0.106	80.629	-0.059
12.750	-0.210	0.089	80.445	-0.025
12.780	-0.080	0.072	79.955	-0.025
12.810	-0.185	0.170	78.435	-0.038
12.839	-0.176	0.115	79.893	-0.068
12.869	-0.235	0.119	80.371	-0.068
12.899	-0.189	0.059	80.837	-0.034
12.930	-0.172	0.093	79.562	-0.017
12.960	-0.222	0.093	80.629	-0.085
12.990	-0.189	0.076	80.947	-0.089
13.025	-0.210	0.072	80.678	-0.047
13.055	-0.193	0.098	79.807	-0.059
13.085	-0.159	0.038	80.641	-0.008
13.115	-0.273	0.115	80.273	-0.098
13.145	-0.185	0.110	79.146	-0.030
13.175	-0.260	0.110	80.273	-0.059
