DIM 3
---
EXTRUDE X
PATTERN FORWARD
LAYERS 10
DEPTH 0.1
---
JOINTS 11
1	0.0	0.1
2	0.0	0.0
3	0.1	0.0
4	0.2	0.0
5	0.2	0.01
6	0.01	0.01
7	0.01	0.19
8	0.2	0.19
9	0.2	0.2
10	0.1	0.2
11	0.0	0.2
---
MEMBERS 19
1	1	2	70000000000.0	0.0005
2	2	3	70000000000.0	0.0005
3	3	4	70000000000.0	0.0005
4	4	5	70000000000.0	0.0005
5	5	6	70000000000.0	0.0005
6	6	7	70000000000.0	0.0005
7	7	8	70000000000.0	0.0005
8	8	9	70000000000.0	0.0005
9	9	10	70000000000.0	0.0005
10	10	11	70000000000.0	0.0005
11	11	1	70000000000.0	0.0005
12	2	6	70000000000.0	0.0005
13	3	6	70000000000.0	0.0005
14	3	5	70000000000.0	0.0005
15	6	1	70000000000.0	0.0005
16	1	7	70000000000.0	0.0005
17	7	11	70000000000.0	0.0005
18	7	10	70000000000.0	0.0005
19	10	8	70000000000.0	0.0005
---
CONSTRAINTS 33
1   1   X   0.0
2   1   Y   0.0
3   1   Z   0.0
4   2   X   0.0
5   2   Y   0.0
6   2   Z   0.0
7   3   X   0.0
8   3   Y   0.0
9   3   Z   0.0
10  4   X   0.0
11  4   Y   0.0
12  4   Z   0.0
13  5   X   0.0
14  5   Y   0.0
15  5   Z   0.0
16  6   X   0.0
17  6   Y   0.0
18  6   Z   0.0
19  7   X   0.0
20  7   Y   0.0
21  7   Z   0.0
22  8   X   0.0
23  8   Y   0.0
24  8   Z   0.0
25  9   X   0.0
26  9   Y   0.0
27  9   Z   0.0
28  10  X   0.0
29  10  Y   0.0
30  10  Z   0.0
31  11  X   0.0
32  11  Y   0.0
33  11  Z   0.0
---
LOADS 1
1  112  Z   1e5