DIM 3
---
EXTRUDE X
PATTERN FORWARD
LAYERS 8
DEPTH 1.0
---
JOINTS 12
1   0.0     0.0
2   0.5     0.0
3   1.0     0.0
4   1.0     0.5
5   1.0     1.0
6   0.5     1.0
7   0.0     1.0
8   0.0     0.5
9   0.1     0.1
10  0.9     0.1
11  0.9     0.9
12  0.1     0.9
---
MEMBERS 24
1   1   2   7e10    5e-4
2   2   3   7e10    5e-4
3   3   4   7e10    5e-4
4   4   5   7e10    5e-4
5   5   6   7e10    5e-4
6   6   7   7e10    5e-4
7   7   8   7e10    5e-4
8   8   1   7e10    5e-4
9   9   10  7e10    5e-4
10  10  11  7e10    5e-4
11  11  12  7e10    5e-4
12  12  9   7e10    5e-4
13  1   9   7e10    5e-4
14  2   9   7e10    5e-4
15  2   10  7e10    5e-4
16  3   10  7e10    5e-4
17  4   10  7e10    5e-4
18  4   11  7e10    5e-4
19  5   11  7e10    5e-4
20  6   11  7e10    5e-4
21  6   12  7e10    5e-4
22  7   12  7e10    5e-4
23  8   12  7e10    5e-4
24  8   9   7e10    5e-4
---
CONSTRAINTS 36
1   1   X   0.0
2   1   Y   0.0
3   1   Z   0.0
4   2   X   0.0
5   2   Y   0.0
6   2   Z   0.0
7   3   X   0.0
8   3   Y   0.0
9   3   Z   0.0
10  4   X   0.0
11  4   Y   0.0
12  4   Z   0.0 
13  5   X   0.0
14  5   Y   0.0
15  5   Z   0.0
16  6   X   0.0
17  6   Y   0.0
18  6   Z   0.0
19  7   X   0.0
20  7   Y   0.0
21  7   Z   0.0
22  8   X   0.0
23  8   Y   0.0
24  8   Z   0.0
25  9   X   0.0
26  9   Y   0.0
27  9   Z   0.0
28  10  X   0.0
29  10  Y   0.0
30  10  Z   0.0
31  11  X   0.0
32  11  Y   0.0
33  11  Z   0.0
34  12  X   0.0
35  12  Y   0.0
36  12  Z   0.0
---
LOADS 1
1   103  Z   1e5