DIM	2
---
EXTRUDE NO
PATTERN NONE
LAYERS 0
DEPTH 0.0
---
JOINTS	32
1	0.0	0.0
2	0.35714285714285715	0.0
3	0.7142857142857143	0.0
4	1.0714285714285714	0.0
5	1.4285714285714286	0.0
6	1.7857142857142858	0.0
7	2.142857142857143	0.0
8	2.5	0.0
9	2.857142857142857	0.0
10	3.2142857142857144	0.0
11	3.5714285714285716	0.0
12	3.928571428571429	0.0
13	4.285714285714286	0.0
14	4.642857142857143	0.0
15	5.0	0.0
16	0.0	1.0
17	0.35714285714285715	1.0
18	0.7142857142857143	1.0
19	1.0714285714285714	1.0
20	1.4285714285714286	1.0
21	1.7857142857142858	1.0
22	2.142857142857143	1.0
23	2.5	1.0
24	2.857142857142857	1.0
25	3.2142857142857144	1.0
26	3.5714285714285716	1.0
27	3.928571428571429	1.0
28	4.285714285714286	1.0
29	4.642857142857143	1.0
30	5.0	1.0
31	0.0	0.5
32	5.0	0.5
---
MEMBERS	62
1	1	2	70000000000.0	0.0005
2	2	3	70000000000.0	0.0005
3	3	4	70000000000.0	0.0005
4	4	5	70000000000.0	0.0005
5	5	6	70000000000.0	0.0005
6	6	7	70000000000.0	0.0005
7	7	8	70000000000.0	0.0005
8	8	9	70000000000.0	0.0005
9	9	10	70000000000.0	0.0005
10	10	11	70000000000.0	0.0005
11	11	12	70000000000.0	0.0005
12	12	13	70000000000.0	0.0005
13	13	14	70000000000.0	0.0005
14	14	15	70000000000.0	0.0005
15	16	17	70000000000.0	0.0005
16	17	18	70000000000.0	0.0005
17	18	19	70000000000.0	0.0005
18	19	20	70000000000.0	0.0005
19	20	21	70000000000.0	0.0005
20	21	22	70000000000.0	0.0005
21	22	23	70000000000.0	0.0005
22	23	24	70000000000.0	0.0005
23	24	25	70000000000.0	0.0005
24	25	26	70000000000.0	0.0005
25	26	27	70000000000.0	0.0005
26	27	28	70000000000.0	0.0005
27	28	29	70000000000.0	0.0005
28	29	30	70000000000.0	0.0005
29	1	31	70000000000.0	0.0005
30	31	16	70000000000.0	0.0005
31	15	32	70000000000.0	0.0005
32	32	30	70000000000.0	0.0005
33	31	17	70000000000.0	0.0005
34	1	18	70000000000.0	0.0005
35	2	19	70000000000.0	0.0005
36	3	20	70000000000.0	0.0005
37	4	21	70000000000.0	0.0005
38	5	22	70000000000.0	0.0005
39	6	23	70000000000.0	0.0005
40	7	24	70000000000.0	0.0005
41	8	25	70000000000.0	0.0005
42	9	26	70000000000.0	0.0005
43	10	27	70000000000.0	0.0005
44	11	28	70000000000.0	0.0005
45	12	29	70000000000.0	0.0005
46	13	30	70000000000.0	0.0005
47	14	32	70000000000.0	0.0005
48	2	31	70000000000.0	0.0005
49	3	16	70000000000.0	0.0005
50	4	17	70000000000.0	0.0005
51	5	18	70000000000.0	0.0005
52	6	19	70000000000.0	0.0005
53	7	20	70000000000.0	0.0005
54	8	21	70000000000.0	0.0005
55	9	22	70000000000.0	0.0005
56	10	23	70000000000.0	0.0005
57	11	24	70000000000.0	0.0005
58	12	25	70000000000.0	0.0005
59	13	26	70000000000.0	0.0005
60	14	27	70000000000.0	0.0005
61	15	28	70000000000.0	0.0005
62	32	29	70000000000.0	0.0005
---
CONSTRAINTS	6
1	1	X	0.0
2	1	Y	0.0
3	31	X	0.0
4	31	Y	0.0
5	16	X	0.0
6	16	Y	0.0
---
LOADS 1
1	15	Y	-1000.0
