DIM 3
---
EXTRUDE X
PATTERN FORWARD
LAYERS 8
DEPTH 1.0
---
JOINTS 15
1   0.0     0.0
2   0.5     0.0
3   1.0     0.0
4   1.0     0.49
5   1.0     0.51
6   1.0     1.0
7   0.5     1.0
8   0.0     1.0
9   0.0     0.5
10  0.1     0.1
11  0.9     0.1
12  0.9     0.49
13  0.9     0.51
14  0.9     0.9
15  0.1     0.9
---
MEMBERS 27
1   1   2   7e10    5e-4
2   2   3   7e10    5e-4
3   3   4   7e10    5e-4
4   5   6   7e10    5e-4
5   6   7   7e10    5e-4
6   7   8   7e10    5e-4
7   8   9   7e10    5e-4
8   9   1   7e10    5e-4
9   10  11  7e10    5e-4
10  11  12  7e10    5e-4
11  13  14  7e10    5e-4
12  14  15  7e10    5e-4
13  15  10  7e10    5e-4
14  1   10  7e10    5e-4
15  2   10  7e10    5e-4
16  2   11  7e10    5e-4
17  3   11  7e10    5e-4
18  4   11  7e10    5e-4
19  4   12  7e10    5e-4
20  5   13  7e10    5e-4
21  5   14  7e10    5e-4
22  6   14  7e10    5e-4
23  7   14  7e10    5e-4
24  7   15  7e10    5e-4
25  8   15  7e10    5e-4
26  9   15  7e10    5e-4
27  9   10  7e10    5e-4
---
CONSTRAINTS 45
1   1   X   0.0
2   1   Y   0.0
3   1   Z   0.0
4   2   X   0.0
5   2   Y   0.0
6   2   Z   0.0
7   3   X   0.0
8   3   Y   0.0
9   3   Z   0.0
10  4   X   0.0
11  4   Y   0.0
12  4   Z   0.0 
13  5   X   0.0
14  5   Y   0.0
15  5   Z   0.0
16  6   X   0.0
17  6   Y   0.0
18  6   Z   0.0
19  7   X   0.0
20  7   Y   0.0
21  7   Z   0.0
22  8   X   0.0
23  8   Y   0.0
24  8   Z   0.0
25  9   X   0.0
26  9   Y   0.0
27  9   Z   0.0
28  10  X   0.0
29  10  Y   0.0
30  10  Z   0.0
31  11  X   0.0
32  11  Y   0.0
33  11  Z   0.0
34  12  X   0.0
35  12  Y   0.0
36  12  Z   0.0
37  13  X   0.0
38  13  Y   0.0
39  13  Z   0.0
40  14  X   0.0
41  14  Y   0.0
42  14  Z   0.0
43  15  X   0.0
44  15  Y   0.0
45  15  Z   0.0
---
LOADS 1
1   128  Z   1e5